<?xml version="1.0"?>
<opencv_storage>
<calibration_time>"Fri Aug 31 14:06:22 2018"</calibration_time>
<nr_of_frames>25</nr_of_frames>
<image_width>640</image_width>
<image_height>480</image_height>
<board_width>9</board_width>
<board_height>6</board_height>
<square_size>25.</square_size>
<fix_aspect_ratio>1.</fix_aspect_ratio>
<!-- flags: +fix_aspectRatio +fix_principal_point +zero_tangent_dist +fix_k4 +fix_k5 -->
<flags>6158</flags>
<fisheye_model>0</fisheye_model>
<camera_matrix type_id="opencv-matrix">
  <rows>3</rows>
  <cols>3</cols>
  <dt>d</dt>
  <data>
    5.2894520448120909e+02 0. 320. 0. 5.2894520448120909e+02 240. 0. 0.
    1.</data></camera_matrix>
<distortion_coefficients type_id="opencv-matrix">
  <rows>5</rows>
  <cols>1</cols>
  <dt>d</dt>
  <data>
    -2.7754632818660133e-03 -2.2168087994308022e-01 0. 0.
    8.3116107550580391e+00</data></distortion_coefficients>
<avg_reprojection_error>3.4906598890682833e-01</avg_reprojection_error>
<per_view_reprojection_errors type_id="opencv-matrix">
  <rows>25</rows>
  <cols>1</cols>
  <dt>f</dt>
  <data>
    3.51752281e-01 3.58287662e-01 3.53310823e-01 3.48535776e-01
    3.46930563e-01 3.48764420e-01 3.50963503e-01 3.49640846e-01
    3.42348665e-01 3.49496990e-01 3.50981593e-01 3.48333895e-01
    3.49224657e-01 3.53040159e-01 3.46412092e-01 3.46553862e-01
    3.48278910e-01 3.45880955e-01 3.45056862e-01 3.46659303e-01
    3.48351002e-01 3.48530442e-01 3.45817775e-01 3.52610141e-01
    3.50519150e-01</data></per_view_reprojection_errors>
<!-- a set of 6-tuples (rotation vector + translation vector) for each view -->
<extrinsic_parameters type_id="opencv-matrix">
  <rows>25</rows>
  <cols>6</cols>
  <dt>d</dt>
  <data>
    3.8143769242982968e-02 -2.6394385951350147e-01
    -2.8233820098893387e+00 8.1051536608667547e+01
    1.0972221973691880e+02 4.0883652751783586e+02 3.8387342804474804e-02
    -2.6390505658210051e-01 -2.8234856149170069e+00
    8.1069403961242202e+01 1.0970891372828260e+02 4.0885284164300145e+02
    3.7506214835544380e-02 -2.6432900506880402e-01
    -2.8231214470905290e+00 8.1035505084510561e+01
    1.0975634522834267e+02 4.0876466429409010e+02 3.7595861457449122e-02
    -2.6445940628913434e-01 -2.8227676455783377e+00
    8.1020996600861025e+01 1.0978539552422014e+02 4.0876396871810005e+02
    3.7271001874069766e-02 -2.6441063484995891e-01
    -2.8225946376632187e+00 8.1021261635050109e+01
    1.0982832055956277e+02 4.0871850586105171e+02 3.7247730366212962e-02
    -2.6464202675593901e-01 -2.8224287251784994e+00
    8.1016440818157648e+01 1.0982733465002477e+02 4.0871953136285265e+02
    3.7410558302502020e-02 -2.6479644689204174e-01
    -2.8224840222527976e+00 8.1024915465053354e+01
    1.0981797983041331e+02 4.0870034535563838e+02 3.6959868284723953e-02
    -2.6435991847582185e-01 -2.8224061093171486e+00
    8.1007616939823848e+01 1.0984699251509463e+02 4.0870271053973670e+02
    3.7023030289096440e-02 -2.6455155500019278e-01
    -2.8224224817736587e+00 8.1011416767265217e+01
    1.0984330027537550e+02 4.0870372540292493e+02 3.7141137005167857e-02
    -2.6481860395171763e-01 -2.8224017035790676e+00
    8.1013216779971899e+01 1.0983626511815996e+02 4.0868970372261145e+02
    3.7091546639361456e-02 -2.6461801691334941e-01
    -2.8223940955798734e+00 8.1011990589769553e+01
    1.0984624323213802e+02 4.0870094238995944e+02 3.7205418879936593e-02
    -2.6487263981336989e-01 -2.8224037137824793e+00
    8.1014602693352259e+01 1.0983800595008593e+02 4.0868431841490269e+02
    3.6829666309012798e-02 -2.6446524612955236e-01
    -2.8224463384278891e+00 8.1012410171215421e+01
    1.0984897315712242e+02 4.0869983594201585e+02 3.7254591552664203e-02
    -2.6479860414534234e-01 -2.8222735847077498e+00
    8.1011588298802366e+01 1.0986827533715380e+02 4.0869410295116512e+02
    3.6845859161881406e-02 -2.6462009699958478e-01
    -2.8223582354263077e+00 8.1008944040241204e+01
    1.0985765755336932e+02 4.0868910000843539e+02 3.7099021930557918e-02
    -2.6470723555998721e-01 -2.8223469904790299e+00
    8.1013907722304410e+01 1.0985921391758195e+02 4.0870207345921858e+02
    3.7168903029508205e-02 -2.6480020922388253e-01
    -2.8223395633669459e+00 8.1015314066270719e+01
    1.0985146784462137e+02 4.0869087272855495e+02 3.6936247780865399e-02
    -2.6454717744565565e-01 -2.8223137267544236e+00
    8.1003613141730796e+01 1.0985858867956857e+02 4.0869437618337827e+02
    3.7248653346725030e-02 -2.6455061311854455e-01
    -2.8223125789314314e+00 8.1010396198201093e+01
    1.0985944960380084e+02 4.0871483690418103e+02 3.6835232853038885e-02
    -2.6459193435169925e-01 -2.8222701537870756e+00
    8.1002207059121076e+01 1.0986207663200462e+02 4.0869648936576198e+02
    3.6889349983477170e-02 -2.6461441049516171e-01
    -2.8222768043258464e+00 8.1005179091391483e+01
    1.0986750157905496e+02 4.0870224202099683e+02 3.7440058693972177e-02
    -2.6461151985382003e-01 -2.8222302613929493e+00
    8.1009842183423999e+01 1.0987160221313908e+02 4.0872390140114635e+02
    3.6739701010775012e-02 -2.6500252105946498e-01
    -2.8221991581214172e+00 8.1003300241130489e+01
    1.0986936438889481e+02 4.0865991844451901e+02 3.6963566607759984e-02
    -2.6433228508435869e-01 -2.8222271991806660e+00
    8.0999192280974512e+01 1.0988291105859150e+02 4.0871046018806157e+02
    3.6356401087883308e-02 -2.6459077118466079e-01
    -2.8222434744011133e+00 8.0996849188612160e+01
    1.0986497214480681e+02 4.0866704059445317e+02</data></extrinsic_parameters>
